12
13
14
15
16
17
18
19
21
23
25
27
29
31
35
37
39
41
43
45
47
49
51
53
57
59
61
63
65
67
69
71
73
75
79
81
83
85
87
89
91
93
95
97
103
105
107
109
111
113
115
117
119
125
127
129
131
133
135
137
139
147
149
151
153
155
157
159
163
169
171
173
175
177
179
183
185
191
193
195
197
199
203
205
207
215
217
219
223
225
227
229
237
239
243
245
247
249
251
259
263
265
267
269
271
273
283
285
287
289
291
293
295
305
307
309
311
313
315
317
327
329
331
333
335
337
339
349
351
353
355
357
359
361
371
373
375
377
379
381
393
395
397
399
401
405
417
419
421
425
427
439
441
445
447
449
461
465
467
469
471
485
487
489
491
493
507
509
511
513
515
529
531
533
535
537
551
553
555
557
559
573
575
577
579
581
595
597
599
601
603
619
621
623
641
643
647
663
667
669
687
689
691
709
711
713
731
733
735
753
755
757
775
777
779
797
799
801
821
823
843
845
865
889
911
933
955
977
999
1153
1175
1197
1219
1285
1307
1329
1351
1355
1377
1395
1399
1417
1439
1511
1527
1531
1549
1553
1557
1571
1577
1579
1593
1597
1599
1619
1637
1659
1663
1669
1691
1703
1711
1713
1729
1731
1733
1751
1755
1759
1769
1773
1775
1779
1791
1795
1799
1803
1813
1819
1825
1835
1839
1871
1879
1883
1885
1891
1893
1905
1911
1913
1915
1923
1931
1933
1935
1939
1945
1951
1953
1957
1959
1971
1975
1977
1979
1983
1993
1995
1997
1999
2003
2005
2015
2017
2019
2025
2027
2037
2039
2051
2059
2063
2071
2073
2085
2091
2093
2095
2105
2107
2111
2113
2115
2117
2125
2127
2131
2133
2135
2137
2147
2151
2153
2155
2159
2171
2173
2177
2179
2185
2191
2195
2197
2199
2205
2207
2215
2217
2219
2225
2227
2229
2237
2239
2247
2251
2259
2269
2271
2273
2291
2293
2295
2307
2311
2313
2315
2317
2327
2329
2331
2333
2335
2337
2339
2349
2351
2353
2355
2357
2371
2373
2375
2379
2393
2397
2399
2417
2419
2427
2439
2447
2449
2471
2491
2493
2511
2513
2515
2529
2531
2533
2535
2537
2551
2553
2555
2557
2559
2573
2575
2577
2595
2599
2619
2669
2691
2711
2713
2731
2733
2735
2753
2755
2757
2775
2777
2779
2797
2933
2955
2977
2999
3133
3155
3177
3199
3335
3357
3375
3379
3395
3397
3417
3419
3439
3537
3549
3551
3559
3573
3577
3593
3599
3617
3637
3639
3659
3661
3671
3693
3731
3733
3739
3753
3761
3771
3775
3779
3793
3799
3801
3815
3819
3859
3873
3881
3895
3913
3933
3935
3941
3953
3955
3959
3973
3977
3979
3981
3995
3997
3999
4001
4017
4019
4039
4061
4093
4113
4115
4133
4135
4137
4153
4155
4157
4173
4175
4179
4193
4197
4199
4217
4219
4227
4239
4271
4293
4313
4315
4331
4333
4335
4337
4351
4353
4355
4357
4359
4371
4373
4375
4377
4393
4395
4399
4419
4439
4449
4493
4513
4515
4531
4533
4535
4537
4551
4553
4555
4557
4559
4573
4575
4577
4579
4595
4597
4713
4733
4735
4753
4755
4757
4775
4777
4779
4797
4799
4955
4977
4999
5153
5155
5175
5177
5197
5199
5201
5221
5355
5377
5395
5399
5417
5439
5551
5557
5559
5571
5579
5593
5597
5617
5619
5639
5715
5759
5773
5795
5799
5821
5839
5955
5961
5975
5979
5997
5999
6001
6019
6021
6135
6155
6157
6163
6175
6177
6195
6199
6203
6219
6333
6335
6353
6355
6357
6373
6375
6377
6379
6393
6395
6397
6401
6421
6533
6535
6553
6555
6557
6573
6575
6577
6579
6595
6597
6599
6735
6755
6757
6775
6777
6779
6797
6799
6977
6999
7021
7155
7175
7177
7197
7199
7201
7219
7221
7223
7241
7357
7375
7377
7379
7397
7399
7401
7421
7577
7581
7599
7735
7779
7819
7999
8021
8177
8197
8215
8223
8355
8375
8377
8395
8397
8399
8555
8575
8577
8581
8595
8597
8599
8601
8777
8797
8799
8999
9177
9197
9199
9201
9221
9377
9395
9397
9399
9401
9403
9421
9423
9443
9597
9599
9601
9621
9781
9799
10217
10377
10399
10555
10575
10577
10597
10599
10777
10797
10799
10999
11199
11397
11399
11417
11599
11603
11775
11977
11999
12417
12577
12599
12775
12779
12799
12977
12999
13199
13219
13399
13419
13577
13605
13625
13779
13795
13977
13979
13997
13999
14359
14439
14777
14799
14999
15199
15219
15439
15559
15627
15759
15779
15937
15959
15979
15997
15999
16063
16399
16999
17263
17379
17403
17463
17599
17669
17703
17739
17771
17779
17783
17791
17863
17939
17973
17979
17993
17999
18085
18113
18399
18599
19355
19375
19397
19399
19577
19599
19683
19705
19759
19773
19793
19839
19893
19905
19939
19959
19975
19983
19993
19995
19999
20003
20005
20039
20059
20093
20095
20105
20115
20127
20293
20315
20333
20399
20555
20599
20733
21577
21599
21775
21779
21913
21933
21959
21977
21979
21995
21997
21999
22105
22107
22113
22115
22127
22135
22153
22229
22273
22295
22307
22315
22317
22327
22329
22333
22337
22339
22349
22355
22373
22393
22399
22427
22535
22553
22555
22557
22575
22577
22669
22713
22733
22755
22757
22775
22777
22779
22797
22933
22977
22999
23417
23439
23593
23637
23933
23953
23979
23997
23999
24113
24135
24153
24173
24293
24315
24333
24337
24355
24373
24393
24439
24449
24493
24535
24553
24555
24557
24575
24577
24713
24733
24755
24757
24775
24777
24779
24797
24977
24999
25177
25199
25559
25617
25639
25999
26175
26333
26355
26373
26377
26395
26535
26553
26555
26557
26575
26577
26579
26597
26755
26757
26775
26777
26779
26797
26799
26977
26999
27199
27399
28355
28377
28555
28575
28577
28597
28599
28777
28797
28799
28999
29199
29397
29399
29599
30555
30577
30599
30777
30797
30799
30801
30999
31199
31399
31601
32777
32799
32999
33199
33219
33419
33577
33779
33977
33999
34999
35219
35559
35759
35779
35979
35997
35999
36199
37579
37759
37773
37779
37781
37793
37799
37959
37979
37995
37999
38199
39577
39597
39775
39779
39795
39799
39977
39979
39997
39999
40001
40019
40199
41799
41999
42151
42199
42217
42555
43999
44335
44449
44537
44551
44555
44559
44577
44595
44757
44775
44777
44779
44797
44955
44977
44999
46375
46555
46577
46595
46757
46775
46777
46779
46797
46977
46999
47199
48555
48577
48777
48797
48799
48999
49197
49199
49399
50777
50799
50999
51199
51201
51221
52999
53201
53221
55559
55779
55999
57779
57979
57999
58199
59799
59979
59997
59999
60001
60019
60199
61999
62219
64333
66777
66999
68777
68999
69199
70999
71201
71221
73221
73423
77779
77999
79999
88999
99999
121999
132999
139999
143999
154999
157999
159979
159997
159999
161999
165999
166999
172999
175999
176999
177999
179599
179999
180399
181399
181999
183999
187999
193999
195999
197999
198399
199399
199599
199839
199939
199959
199983
199993
199995
199999
200003
200005
200039
200059
200399
200599
201599
201999
203999
205999
215999
217999
219999
221577
221999
222999
223999
224777
226999
232999
233999
237999
239999
241999
244999
255999
259999
266999
277999
299999
319999
337999
341999
343999
354999
355999
359999
363999
365999
373999
377999
379999
381999
385999
395999
397999
398199
399799
399979
399997
399999
400001
400019
400199
401799
401999
403999
417999
419999
421999
435999
439999
443999
444999
455999
457999
479999
499999
519999
539999
543999
555999
557999
561999
563999
575999
579999
583999
597999
599799
599979
599997
599999
600001
600019
600199
601999
619999
637999
659999
677999
679999
699999
719999
721999
737999
739999
759999
777999
781999
799999
839999
859999
879999
899999
919999
939999
959999
979999
