400.0
400.0
220.0
202.0
220.0
202.0
402.0
411.0
222.0
213.0
321.0
303.0
404.0
422.0
224.0
224.0
422.0
404.0
406.0
433.0
226.0
235.0
523.0
505.0
408.0
444.0
228.0
246.0
624.0
606.0
410.0
455.0
230.0
257.0
725.0
707.0
412.0
466.0
232.0
268.0
826.0
808.0
414.0
477.0
234.0
279.0
927.0
909.0
416.0
488.0
236.0
290.0
1028.0
1010.0
418.0
499.0
238.0
301.0
1129.0
1111.0
420.0
411.0
330.0
312.0
231.0
222.0
422.0
422.0
332.0
323.0
332.0
323.0
424.0
433.0
334.0
334.0
433.0
424.0
426.0
444.0
336.0
345.0
534.0
525.0
428.0
455.0
338.0
356.0
635.0
626.0
430.0
466.0
340.0
367.0
736.0
727.0
432.0
477.0
342.0
378.0
837.0
828.0
434.0
488.0
344.0
389.0
938.0
929.0
436.0
499.0
346.0
400.0
1039.0
1030.0
438.0
510.0
348.0
411.0
1140.0
1131.0
440.0
422.0
440.0
422.0
242.0
242.0
442.0
433.0
442.0
433.0
343.0
343.0
444.0
444.0
444.0
444.0
444.0
444.0
446.0
455.0
446.0
455.0
545.0
545.0
448.0
466.0
448.0
466.0
646.0
646.0
450.0
477.0
450.0
477.0
747.0
747.0
452.0
488.0
452.0
488.0
848.0
848.0
454.0
499.0
454.0
499.0
949.0
949.0
456.0
510.0
456.0
510.0
1050.0
1050.0
458.0
521.0
458.0
521.0
1151.0
1151.0
460.0
433.0
550.0
532.0
253.0
262.0
462.0
444.0
552.0
543.0
354.0
363.0
464.0
455.0
554.0
554.0
455.0
464.0
466.0
466.0
556.0
565.0
556.0
565.0
468.0
477.0
558.0
576.0
657.0
666.0
470.0
488.0
560.0
587.0
758.0
767.0
472.0
499.0
562.0
598.0
859.0
868.0
474.0
510.0
564.0
609.0
960.0
969.0
476.0
521.0
566.0
620.0
1061.0
1070.0
478.0
532.0
568.0
631.0
1162.0
1171.0
480.0
444.0
660.0
642.0
264.0
282.0
482.0
455.0
662.0
653.0
365.0
383.0
484.0
466.0
664.0
664.0
466.0
484.0
486.0
477.0
666.0
675.0
567.0
585.0
488.0
488.0
668.0
686.0
668.0
686.0
490.0
499.0
670.0
697.0
769.0
787.0
492.0
510.0
672.0
708.0
870.0
888.0
494.0
521.0
674.0
719.0
971.0
989.0
496.0
532.0
676.0
730.0
1072.0
1090.0
498.0
543.0
678.0
741.0
1173.0
1191.0
500.0
455.0
770.0
752.0
275.0
302.0
502.0
466.0
772.0
763.0
376.0
403.0
504.0
477.0
774.0
774.0
477.0
504.0
506.0
488.0
776.0
785.0
578.0
605.0
508.0
499.0
778.0
796.0
679.0
706.0
510.0
510.0
780.0
807.0
780.0
807.0
512.0
521.0
782.0
818.0
881.0
908.0
514.0
532.0
784.0
829.0
982.0
1009.0
516.0
543.0
786.0
840.0
1083.0
1110.0
518.0
554.0
788.0
851.0
1184.0
1211.0
520.0
466.0
880.0
862.0
286.0
322.0
522.0
477.0
882.0
873.0
387.0
423.0
524.0
488.0
884.0
884.0
488.0
524.0
526.0
499.0
886.0
895.0
589.0
625.0
528.0
510.0
888.0
906.0
690.0
726.0
530.0
521.0
890.0
917.0
791.0
827.0
532.0
532.0
892.0
928.0
892.0
928.0
534.0
543.0
894.0
939.0
993.0
1029.0
536.0
554.0
896.0
950.0
1094.0
1130.0
538.0
565.0
898.0
961.0
1195.0
1231.0
540.0
477.0
990.0
972.0
297.0
342.0
542.0
488.0
992.0
983.0
398.0
443.0
544.0
499.0
994.0
994.0
499.0
544.0
546.0
510.0
996.0
1005.0
600.0
645.0
548.0
521.0
998.0
1016.0
701.0
746.0
550.0
532.0
1000.0
1027.0
802.0
847.0
552.0
543.0
1002.0
1038.0
903.0
948.0
554.0
554.0
1004.0
1049.0
1004.0
1049.0
556.0
565.0
1006.0
1060.0
1105.0
1150.0
558.0
576.0
1008.0
1071.0
1206.0
1251.0
560.0
488.0
1100.0
1082.0
308.0
362.0
562.0
499.0
1102.0
1093.0
409.0
463.0
564.0
510.0
1104.0
1104.0
510.0
564.0
566.0
521.0
1106.0
1115.0
611.0
665.0
568.0
532.0
1108.0
1126.0
712.0
766.0
570.0
543.0
1110.0
1137.0
813.0
867.0
572.0
554.0
1112.0
1148.0
914.0
968.0
574.0
565.0
1114.0
1159.0
1015.0
1069.0
576.0
576.0
1116.0
1170.0
1116.0
1170.0
578.0
587.0
1118.0
1181.0
1217.0
1271.0
580.0
499.0
1210.0
1192.0
319.0
382.0
582.0
510.0
1212.0
1203.0
420.0
483.0
584.0
521.0
1214.0
1214.0
521.0
584.0
586.0
532.0
1216.0
1225.0
622.0
685.0
588.0
543.0
1218.0
1236.0
723.0
786.0
590.0
554.0
1220.0
1247.0
824.0
887.0
592.0
565.0
1222.0
1258.0
925.0
988.0
594.0
576.0
1224.0
1269.0
1026.0
1089.0
596.0
587.0
1226.0
1280.0
1127.0
1190.0
598.0
598.0
1228.0
1291.0
1228.0
1291.0
